1.6239 1.0986 0.3812 0.3281
1.1099 1.0957 0.4031 0.3313
1.0978 1.0961 0.3719 0.4313
1.0964 1.0891 0.3656 0.3875
1.0853 1.0952 0.4219 0.3531
1.1007 1.0766 0.3553 0.4062
1.1014 1.0800 0.3750 0.4281
1.0853 1.0792 0.3969 0.4187
1.0793 1.0989 0.4219 0.3562
1.0884 1.0795 0.4062 0.4187
1.0750 1.0973 0.3969 0.4375
1.0943 1.0735 0.3844 0.4219
1.0878 1.0601 0.4000 0.4031
1.0846 1.0804 0.4156 0.3750
1.0892 1.0657 0.3719 0.4000
1.0775 1.0635 0.4250 0.4125
1.0706 1.0518 0.4000 0.4594
1.0817 1.0699 0.4156 0.4406
1.0816 1.0652 0.3844 0.4250
1.0660 1.0575 0.4434 0.4531
1.0742 1.0709 0.4375 0.4031
1.0630 1.0737 0.4219 0.3781
1.0812 1.0449 0.3344 0.4969
1.0458 1.0407 0.4560 0.4656
1.0398 1.0355 0.4656 0.4688
1.0707 1.0563 0.4094 0.4594
1.0716 1.0292 0.3969 0.5188
1.0720 1.0627 0.4062 0.4625
1.0718 1.0587 0.3906 0.4344
1.0670 1.0507 0.4281 0.4281
1.0619 1.0249 0.4281 0.4719
1.0391 1.0168 0.4750 0.4781
1.0233 1.0060 0.4594 0.4563
1.0727 1.0463 0.3906 0.4313
1.0213 1.0228 0.4563 0.4531
1.0177 1.0373 0.4625 0.4656
1.0524 1.0367 0.4623 0.4750
1.0671 1.0175 0.4469 0.4906
1.0730 1.0242 0.4313 0.4656
1.0498 1.0505 0.4750 0.4437
1.0389 1.0369 0.4437 0.4563
1.0368 1.0245 0.4313 0.4750
0.9978 1.0311 0.5375 0.4469
1.0555 1.0269 0.4344 0.4656
1.0489 1.0197 0.4375 0.4688
1.0515 1.0037 0.4563 0.5125
1.0149 0.9750 0.4313 0.5156
1.0245 0.9843 0.4531 0.4781
1.0412 0.9957 0.3994 0.5188
1.0550 1.0056 0.4125 0.5188
1.0382 1.0027 0.4625 0.5219
0.9916 1.0199 0.5156 0.4719
1.0139 0.9916 0.4906 0.5063
1.0441 1.0131 0.4500 0.5094
1.0433 0.9968 0.4781 0.5125
1.0297 1.0002 0.4656 0.4625
1.0268 0.9876 0.4281 0.5000
1.0053 0.9929 0.4780 0.5156
0.9833 1.0056 0.5189 0.4656
1.0444 1.0085 0.4625 0.4750
1.0309 1.0176 0.4719 0.4594
1.0658 1.0065 0.4563 0.5125
1.0120 1.0006 0.4875 0.4844
1.0267 0.9968 0.4469 0.4875
1.0169 1.0064 0.5063 0.4875
1.0224 0.9818 0.4719 0.4938
1.0340 1.0039 0.4344 0.4938
1.0001 1.0072 0.5156 0.4969
1.0024 0.9888 0.4937 0.5094
1.0199 0.9693 0.4656 0.5219
1.0224 1.0014 0.5063 0.4781
1.0053 1.0025 0.5031 0.5000
0.9977 0.9785 0.4844 0.4938
0.9851 0.9969 0.5063 0.4625
1.0029 0.9799 0.4688 0.5188
1.0111 0.9653 0.4500 0.4969
0.9861 1.0539 0.5156 0.4000
1.0582 1.0068 0.4500 0.4844
0.9839 1.0015 0.4656 0.4875
0.9811 0.9987 0.5063 0.5188
1.0104 1.0047 0.4875 0.4594
1.0565 1.0110 0.4781 0.4781
1.0123 0.9845 0.4812 0.4750
1.0227 0.9806 0.4844 0.5125
1.0124 1.0294 0.4719 0.4563
1.0333 1.0096 0.4277 0.4625
1.0370 0.9952 0.4844 0.5250
1.0008 1.0033 0.5094 0.5219
1.0267 0.9891 0.4625 0.4844
0.9948 0.9905 0.4563 0.5250
0.9991 0.9847 0.5063 0.4938
0.9784 0.9854 0.4750 0.4969
0.9908 0.9744 0.5312 0.4812
0.9654 0.9637 0.5500 0.5000
1.0581 0.9983 0.4344 0.4781
1.0320 1.0101 0.4625 0.4531
1.0135 0.9936 0.5031 0.5094
0.9849 0.9765 0.4594 0.5156
1.0193 0.9731 0.4719 0.5281
1.0168 0.9769 0.5094 0.4781
0.9703 1.0009 0.5250 0.4594
0.9891 0.9911 0.5063 0.4875
0.9787 0.9793 0.5250 0.5125
0.9689 0.9692 0.5156 0.5063
1.0381 0.9888 0.4748 0.5250
0.9690 0.9806 0.5281 0.5063
0.9644 0.9630 0.5250 0.5250
0.9509 0.9826 0.5000 0.4750
1.0324 1.0042 0.5031 0.4781
0.9909 0.9881 0.4750 0.4938
0.9870 0.9704 0.4843 0.5094
1.0075 0.9873 0.4812 0.5156
0.9692 0.9751 0.5219 0.5188
0.9667 0.9773 0.5469 0.4906
1.0184 0.9649 0.4844 0.5250
1.0165 1.0024 0.4625 0.4781
1.0044 0.9637 0.4781 0.5219
0.9491 0.9793 0.5094 0.5375
0.9957 0.9465 0.5535 0.5094
0.9475 0.9700 0.5250 0.4875
0.9876 0.9758 0.5063 0.5312
0.9686 0.9716 0.5031 0.5250
0.9659 0.9877 0.5063 0.5156
1.0038 0.9622 0.5063 0.5469
0.9285 0.9773 0.5031 0.5375
1.0248 0.9998 0.4938 0.5094
0.9833 0.9916 0.5094 0.5281
0.9916 0.9825 0.4969 0.5281
0.9962 1.0155 0.5188 0.4594
0.9990 0.9800 0.4875 0.5188
0.9563 0.9687 0.5375 0.5000
0.9279 1.0037 0.5562 0.4844
0.9811 0.9664 0.5219 0.5219
0.9976 0.9526 0.5125 0.5375
0.9495 0.9685 0.5220 0.4875
0.9571 0.9647 0.5281 0.5094
0.8972 0.9754 0.5656 0.5000
0.9822 0.9967 0.5031 0.5000
0.9924 0.9807 0.5000 0.5250
1.0174 0.9911 0.5031 0.5406
0.9562 0.9854 0.5063 0.5281
0.9914 0.9801 0.5125 0.5031
0.9312 0.9680 0.5594 0.4938
0.9483 0.9825 0.5312 0.5156
0.9608 0.9537 0.5157 0.5063
0.9824 0.9891 0.4875 0.4969
0.9881 0.9451 0.5219 0.5344
0.9330 0.9545 0.5562 0.5469
0.9235 0.9519 0.5844 0.5594
0.9143 1.0238 0.5625 0.4938
1.0622 1.0162 0.4781 0.5188
1.0070 1.0211 0.4969 0.5094
0.9896 1.0065 0.4656 0.4844
0.9903 0.9666 0.5283 0.5281
0.9563 0.9599 0.5063 0.4969
0.9430 0.9496 0.5283 0.5188
0.9460 0.9443 0.5375 0.5156
0.9227 1.0417 0.5281 0.5031
0.9720 0.9673 0.5094 0.5125
0.9488 0.9832 0.5312 0.5031
0.9987 0.9646 0.4906 0.5156
0.9683 0.9390 0.5156 0.5344
0.9955 0.9381 0.4875 0.5344
0.9336 0.9524 0.5312 0.5219
0.8760 0.9471 0.5781 0.5500
0.8844 1.0364 0.5906 0.5156
0.9716 0.9478 0.5219 0.5219
0.9547 0.9521 0.5000 0.5406
0.9822 0.9647 0.4688 0.5281
0.9696 0.9986 0.5063 0.4844
0.9805 0.9587 0.5219 0.5219
0.9060 0.9981 0.5719 0.5063
0.9666 0.9747 0.5440 0.5250
0.9630 0.9715 0.5156 0.5344
0.9630 0.9759 0.4969 0.5156
0.9622 0.9698 0.5157 0.5344
0.9526 0.9621 0.5250 0.5406
0.9503 0.9559 0.5312 0.5437
0.9305 0.9695 0.5594 0.5375
0.9052 0.9292 0.5562 0.5500
0.9173 0.9798 0.5469 0.5250
0.9626 0.9865 0.5156 0.5031
0.9431 0.9703 0.5406 0.5125
0.9196 0.9637 0.5656 0.5125
0.9283 0.9699 0.5250 0.5406
0.9277 0.9580 0.5562 0.5219
0.9239 0.9679 0.5500 0.5250
0.9173 0.9764 0.5469 0.5250
0.9484 0.9725 0.5312 0.5250
0.8869 0.9395 0.5813 0.5375
0.9053 0.9411 0.5157 0.5531
0.9646 0.9333 0.5219 0.5437
0.9048 0.9344 0.5500 0.5437
0.9325 0.9549 0.5844 0.5375
0.9605 0.9928 0.5344 0.5031
0.9921 0.9634 0.5094 0.5312
0.9359 0.9591 0.5312 0.5437
0.8808 0.9349 0.5875 0.5281
0.8939 0.9592 0.5594 0.5406
0.9775 0.9740 0.5252 0.5250
0.9520 0.9743 0.5312 0.5250
0.9482 0.9563 0.5063 0.5250
0.8956 0.9744 0.5781 0.5250
0.9127 1.0190 0.5594 0.4906
0.9782 0.9883 0.5437 0.4969
0.9261 0.9584 0.5406 0.5469
0.8776 0.9751 0.6062 0.5375
0.9119 0.9774 0.5500 0.5125
0.8884 0.9605 0.5813 0.5375
0.9216 0.9676 0.5281 0.5219
0.9210 0.9641 0.5409 0.5031
0.9891 0.9542 0.4688 0.5312
0.9229 0.9453 0.5625 0.5344
0.8988 0.9505 0.5562 0.5344
0.8918 0.9577 0.5781 0.5219
0.9304 0.9700 0.5250 0.5219
0.8852 0.9799 0.5562 0.5094
0.9441 0.9819 0.5156 0.5375
0.9148 0.9903 0.5375 0.4938
0.9738 0.9914 0.5063 0.4750
0.9418 1.0130 0.5281 0.5063
0.9577 0.9592 0.5566 0.5344
0.9299 0.9559 0.5281 0.5281
0.9294 0.9438 0.5375 0.5437
0.9221 0.9399 0.5719 0.5562
0.9528 0.9547 0.5437 0.5531
0.9355 0.9542 0.5503 0.5469
0.8812 0.9391 0.6187 0.5437
0.8817 0.9288 0.5406 0.5656
0.9358 0.9502 0.5281 0.5406
0.8945 0.9756 0.5625 0.5094
0.8691 0.9332 0.5500 0.5531
0.8650 0.9951 0.5688 0.5312
0.9316 0.9454 0.5281 0.5437
0.9195 0.9555 0.5157 0.5063
0.8343 0.9961 0.6062 0.5188
0.9295 0.9499 0.5031 0.5688
0.9241 0.9600 0.5406 0.5344
0.8735 0.9747 0.5844 0.5656
0.8989 0.9455 0.6125 0.5312
0.8676 0.9392 0.5813 0.5469
0.9194 0.9523 0.5406 0.5531
0.8462 0.9884 0.5969 0.5312
0.8711 0.9779 0.6000 0.5406
0.9170 0.9460 0.5063 0.5500
0.8987 0.9384 0.5409 0.5344
0.8548 0.9840 0.5562 0.5344
0.8269 0.9794 0.5813 0.5312
0.8854 0.9656 0.5562 0.5469
0.9316 0.9516 0.5406 0.5531
0.9116 0.9327 0.5656 0.5469
0.8859 0.9119 0.5656 0.5469
0.8757 0.9346 0.5406 0.5750
0.8096 0.9592 0.6000 0.5406
0.9131 0.9526 0.5437 0.5375
0.9022 0.9738 0.5723 0.5000
0.8739 0.9711 0.6031 0.5156
0.8595 0.9720 0.6031 0.5344
0.9314 1.0050 0.5938 0.5063
0.9639 0.9458 0.5344 0.5250
0.8788 0.9271 0.5406 0.5625
0.8371 0.9609 0.6313 0.5469
0.9222 0.9539 0.5219 0.5437
0.9103 0.9527 0.5469 0.5375
0.9206 0.9758 0.5406 0.5188
0.8163 0.9779 0.6195 0.5437
0.8614 0.9425 0.5688 0.5312
0.8236 0.9397 0.6344 0.5531
0.8663 0.9880 0.5969 0.5250
0.8697 0.9662 0.5719 0.5500
0.8773 0.9624 0.5813 0.5625
0.8772 0.9757 0.5781 0.5219
0.9152 0.9523 0.5219 0.5562
0.8748 0.9650 0.5781 0.5562
0.8216 1.0051 0.6187 0.5344
0.8777 1.0066 0.5755 0.5719
0.8522 0.9591 0.5781 0.5406
0.8221 0.9555 0.6156 0.5500
0.8143 0.9933 0.6094 0.5625
0.8920 0.9521 0.5719 0.5469
0.9325 0.9434 0.5469 0.5469
0.8619 0.9527 0.6000 0.5156
0.8424 0.9572 0.6000 0.5250
0.8437 0.9828 0.6313 0.5219
0.7887 0.9929 0.6281 0.5281
0.8299 0.9546 0.6313 0.5656
0.8656 0.9516 0.5469 0.5469
0.8646 0.9722 0.5437 0.5437
0.8342 0.9879 0.6125 0.5312
0.8537 0.9745 0.5469 0.5156
0.8655 0.9243 0.5535 0.5469
0.8444 0.9120 0.5906 0.5688
0.8738 0.9862 0.5906 0.5469
0.8997 0.9526 0.5440 0.5531
0.8685 0.9638 0.5688 0.5188
0.8186 0.9875 0.6031 0.5219
0.8782 0.9794 0.5875 0.5531
0.8630 0.9675 0.5906 0.5375
0.7973 0.9747 0.6375 0.5437
0.8890 1.0080 0.5844 0.5406
0.7927 1.0390 0.6094 0.5719
0.8205 0.9383 0.6006 0.5531
0.7723 1.0456 0.6156 0.5375
0.7928 1.0235 0.6281 0.5594
0.8188 1.0247 0.6281 0.5281
0.8462 0.9829 0.5906 0.5469
0.9087 0.9507 0.6062 0.5375
0.8587 0.9453 0.5813 0.5594
0.8489 0.9733 0.6156 0.5469
0.9046 0.9656 0.5281 0.5531
0.8398 0.9797 0.6062 0.5531
0.8733 0.9756 0.5500 0.5531
0.8304 0.9876 0.6000 0.5437
0.8044 0.9827 0.6375 0.5312
0.8039 1.0544 0.6062 0.5750
0.8495 0.9500 0.6281 0.5531
0.7755 0.9862 0.6187 0.5250
0.8367 0.9834 0.5844 0.5469
0.8568 1.0233 0.6038 0.5594
0.8492 0.9501 0.6031 0.5469
0.7884 0.9838 0.6344 0.5344
0.8005 1.0135 0.5719 0.5375
0.8330 0.9740 0.5969 0.5437
0.7708 1.0402 0.6406 0.5406
0.8418 1.0102 0.6000 0.5719
0.8721 0.9900 0.5531 0.5219
0.8225 1.0040 0.5781 0.5250
0.8420 1.0035 0.6038 0.5656
0.8529 1.0148 0.5844 0.5250
0.8114 1.0347 0.6156 0.5250
0.8198 1.0266 0.6469 0.5406
0.7435 1.0557 0.6562 0.5437
0.7946 1.0123 0.6094 0.5594
0.7940 1.0191 0.6125 0.5531
0.8087 1.0085 0.5813 0.5156
0.8064 0.9686 0.6156 0.5719
0.8067 0.9683 0.6125 0.5469
0.8542 0.9695 0.6125 0.5781
0.8132 1.0088 0.6164 0.5531
0.8911 0.9858 0.5750 0.5437
0.8560 0.9943 0.5875 0.5906
0.8057 0.9507 0.6062 0.5813
0.7660 0.9714 0.6531 0.5531
0.7839 1.0472 0.6344 0.5500
0.8230 1.0671 0.6101 0.5531
0.8013 1.0311 0.6500 0.5531
0.7759 1.0098 0.6469 0.5844
0.8045 1.0363 0.6406 0.5344
0.8674 0.9955 0.5969 0.5469
0.8200 1.0038 0.5875 0.5844
0.8369 0.9558 0.6352 0.5562
0.8257 1.0249 0.6344 0.5000
0.8083 0.9955 0.6406 0.5312
0.7650 0.9818 0.6469 0.5750
0.7996 1.0284 0.5938 0.5500
0.8143 0.9885 0.6219 0.6000
0.8173 1.0096 0.6062 0.5750
0.8492 0.9957 0.5750 0.5813
0.8602 1.0326 0.5531 0.5625
0.7740 0.9554 0.6438 0.5281
0.7864 1.0057 0.6531 0.5437
0.8051 0.9704 0.5875 0.5719
0.7628 1.0351 0.6125 0.5344
0.7251 1.0177 0.6572 0.5531
0.7702 1.0334 0.6531 0.5375
0.7946 1.0583 0.6125 0.5719
0.8346 1.0377 0.6000 0.5344
0.7935 0.9798 0.6281 0.5625
0.8145 1.0090 0.5969 0.5688
0.7457 1.0134 0.6438 0.5375
0.8185 1.0232 0.6094 0.5813
0.7537 1.0087 0.6500 0.5344
0.7585 1.0453 0.6250 0.5750
0.7491 1.0630 0.6406 0.5750
0.7806 1.0078 0.6125 0.5500
0.8382 0.9794 0.5781 0.5375
0.7982 1.0107 0.6281 0.5469
0.7841 1.0227 0.5975 0.5437
0.7678 0.9750 0.6375 0.5750
0.7597 0.9802 0.6812 0.5781
0.8077 1.0025 0.5875 0.5813
0.7565 1.0825 0.6094 0.5469
0.7624 1.0134 0.6406 0.5437
0.8022 1.0367 0.5912 0.5437
0.7672 0.9961 0.6344 0.5750
0.7622 1.0174 0.6625 0.5813
0.7714 0.9610 0.6281 0.5594
0.8023 1.0297 0.6125 0.5344
0.7513 0.9539 0.6344 0.6062
0.8054 0.9624 0.6219 0.5594
0.7605 1.0781 0.6500 0.5375
0.7329 1.0693 0.6226 0.5594
0.7653 1.0471 0.6125 0.5688
0.8244 1.0249 0.6250 0.5688
0.8247 1.0183 0.6250 0.5375
0.7372 1.0146 0.6656 0.5656
0.7219 1.0267 0.6562 0.5844
0.7589 1.0154 0.6281 0.5813
0.7903 1.0115 0.6406 0.5469
0.7768 0.9929 0.6101 0.5500
0.7897 0.9937 0.6313 0.5281
0.8246 0.9784 0.6406 0.5469
0.7312 1.0010 0.6344 0.5594
0.7255 1.0025 0.6750 0.5562
0.7762 0.9640 0.6281 0.5688
0.7648 1.0390 0.6156 0.5500
0.8075 0.9724 0.6250 0.5688
0.7465 1.0866 0.6500 0.5500
0.7406 0.9665 0.6594 0.5625
0.8012 1.0129 0.6219 0.5406
0.7521 1.0121 0.6258 0.5562
0.8014 0.9746 0.6094 0.5156
0.6996 0.9805 0.6781 0.5656
0.8167 1.0459 0.5594 0.5656
0.7169 0.9469 0.6594 0.5531
0.7423 1.0570 0.6469 0.5750
0.7542 1.0306 0.6594 0.5719
0.7130 1.0348 0.6656 0.5844
0.7295 1.0772 0.6656 0.5063
0.7698 1.0100 0.6250 0.5562
0.7172 1.0401 0.6604 0.5469
0.7072 0.9487 0.6906 0.5813
0.8020 0.9696 0.6031 0.5469
0.7399 1.0433 0.6656 0.5625
0.7102 0.9922 0.6719 0.5688
0.7742 1.0679 0.6500 0.5656
0.7833 1.0684 0.6625 0.5844
0.7566 1.0106 0.6250 0.5531
0.7025 1.0617 0.6844 0.5719
0.7304 1.0115 0.6761 0.5750
0.7940 1.0416 0.6187 0.5437
0.7393 1.0407 0.6500 0.5031
0.7577 1.0846 0.6344 0.5469
0.7063 1.0893 0.6812 0.5656
0.7435 1.0195 0.6313 0.5750
0.7303 1.1039 0.6562 0.5656
0.7383 1.0458 0.6625 0.5281
0.7026 1.0123 0.6719 0.5656
0.7151 0.9968 0.6887 0.5688
0.7108 1.0715 0.6625 0.5281
0.7356 1.0916 0.6656 0.5406
0.7310 1.0193 0.6344 0.5625
0.7826 0.9934 0.6187 0.5594
0.7679 0.9937 0.6406 0.5406
0.7405 1.0045 0.6250 0.5531
0.7011 1.0649 0.6906 0.5437
0.7265 1.0489 0.6531 0.5500
0.6962 1.0640 0.6812 0.5781
0.7080 0.9449 0.6844 0.5781
0.7052 0.9670 0.6469 0.5594
0.7313 0.9511 0.7250 0.5594
0.7438 1.0691 0.6384 0.5531
0.7918 0.9699 0.6281 0.5594
0.6611 0.9941 0.6844 0.5437
0.7273 0.9750 0.6406 0.5656
0.7653 0.9453 0.6562 0.5437
0.7466 0.9596 0.6469 0.5594
0.6706 0.9969 0.6855 0.5562
0.7431 1.0270 0.6781 0.5281
0.7409 1.0276 0.6187 0.5594
0.6829 1.0675 0.6906 0.5250
0.7558 0.9575 0.6687 0.5813
0.6644 1.0306 0.6969 0.5437
0.7413 1.0178 0.6656 0.5500
0.7352 1.0546 0.6656 0.5406
0.6938 1.0489 0.7031 0.5594
0.6818 1.0731 0.6969 0.5875
0.6309 1.0341 0.7201 0.5437
0.6394 1.0688 0.7031 0.5375
0.6700 1.0194 0.6906 0.5312
0.7109 1.0449 0.7000 0.5594
0.7066 1.0227 0.6875 0.5719
0.6170 1.1274 0.7250 0.5219
0.7568 1.0993 0.6500 0.5375
0.7189 1.0079 0.6344 0.5781
0.6842 0.9896 0.6844 0.5781
0.6880 1.1614 0.6938 0.5844
0.7345 1.0109 0.6438 0.5688
0.7142 1.0420 0.6812 0.5469
0.7570 1.0341 0.6156 0.5250
0.7563 1.0714 0.6281 0.5750
0.6854 1.0521 0.6812 0.5469
0.7176 1.0704 0.6531 0.5437
0.6586 1.1501 0.7156 0.5500
0.7220 1.0257 0.6572 0.5312
0.6488 1.0567 0.7531 0.5250
0.6582 1.0739 0.6938 0.5594
0.6883 1.0040 0.7156 0.5406
0.7162 1.1079 0.6562 0.5344
0.7168 1.0815 0.6625 0.5500
0.7646 1.0318 0.6656 0.5312
0.6836 1.0450 0.6719 0.5719
0.7161 1.0465 0.6656 0.5531
0.7118 1.0536 0.6415 0.5156
0.6764 1.0684 0.6906 0.5469
0.6872 1.0496 0.6750 0.5625
0.6985 1.0727 0.6812 0.5625
0.6363 1.0502 0.7031 0.5688
0.6834 1.1788 0.6792 0.5688
0.7232 1.0371 0.6625 0.5375
0.6748 1.0496 0.6781 0.5219
0.6094 1.1867 0.7312 0.5312
0.7196 1.1383 0.6594 0.5125
0.7237 1.0440 0.6781 0.5688
0.6753 1.0827 0.6906 0.5344
0.7036 1.0173 0.6812 0.5750
0.7357 1.0772 0.6313 0.5344
0.7417 1.0466 0.6406 0.5344
0.7601 0.9596 0.6750 0.5781
0.6231 0.9895 0.7312 0.5625
0.6316 1.1824 0.7125 0.5344
0.7421 1.0261 0.6447 0.5469
0.6774 1.0722 0.7125 0.5281
0.6989 1.1186 0.6906 0.5375
0.6954 1.1073 0.6656 0.5719
0.7389 1.0369 0.6625 0.5406
0.6564 1.0078 0.6687 0.5656
0.6669 1.0115 0.7000 0.5375
0.6053 1.2060 0.7094 0.5469
0.6907 1.0506 0.6844 0.5437
0.6484 1.0557 0.7000 0.5625
0.6783 1.1069 0.7125 0.5156
0.6754 1.0702 0.7063 0.5344
0.6758 1.0199 0.6635 0.5938
0.6664 1.1473 0.6719 0.5562
0.6468 1.1780 0.6938 0.4906
0.6679 1.0332 0.6750 0.5281
0.6868 1.2419 0.6969 0.5250
0.6820 1.0661 0.6906 0.5531
0.7033 1.1116 0.6687 0.5469
0.6934 1.0223 0.6406 0.5469
0.7185 1.0119 0.6438 0.4906
0.6831 0.9654 0.6698 0.5813
0.6295 1.1243 0.7094 0.5469
0.6185 1.0569 0.7125 0.5250
0.5620 1.1191 0.7516 0.5250
0.6412 1.0904 0.7063 0.5156
0.6212 1.0599 0.7031 0.5562
0.6661 1.0962 0.6969 0.5344
