1.8184 1.1183 0.3562 0.3281
1.1064 1.0969 0.2906 0.3656
1.1000 1.0954 0.3616 0.3750
1.0993 1.1037 0.3812 0.3375
1.1033 1.0991 0.3344 0.3406
1.1020 1.0981 0.3438 0.3531
1.1003 1.0974 0.3594 0.3750
1.0970 1.0979 0.3656 0.3688
1.0947 1.0970 0.3906 0.3625
1.0957 1.0996 0.3063 0.3469
1.0954 1.1010 0.4000 0.3781
1.0999 1.0961 0.3531 0.3750
1.0985 1.0982 0.3176 0.3688
1.0903 1.0944 0.4062 0.3625
1.0827 1.0961 0.3656 0.3812
1.0829 1.0884 0.4187 0.3906
1.0826 1.0898 0.3812 0.4094
1.0721 1.0805 0.4531 0.4000
1.0833 1.0916 0.4187 0.3875
1.0668 1.0961 0.4656 0.3812
1.0667 1.0966 0.4187 0.3625
1.0880 1.0827 0.4156 0.4156
1.0533 1.1328 0.4594 0.3531
1.0911 1.0923 0.4125 0.3812
1.0691 1.1424 0.4219 0.3719
1.0649 1.0853 0.4119 0.3906
1.0678 1.0880 0.4531 0.3875
1.0801 1.0909 0.4031 0.3812
1.0666 1.1096 0.4281 0.4094
1.0682 1.0918 0.4062 0.4031
1.0517 1.0933 0.4497 0.4000
1.0695 1.0812 0.4031 0.4313
1.0618 1.0891 0.4187 0.3969
1.0766 1.0884 0.4000 0.4313
1.0434 1.0866 0.4688 0.3781
1.0491 1.0913 0.4437 0.4187
1.0845 1.0916 0.4125 0.3844
1.0543 1.0765 0.4656 0.4094
1.0869 1.0945 0.4250 0.3719
1.0577 1.0732 0.4025 0.3969
1.0494 1.0782 0.4437 0.3938
1.0463 1.0842 0.4344 0.4094
1.0301 1.0752 0.4563 0.4250
1.0491 1.0730 0.4125 0.4031
1.0630 1.0648 0.4250 0.4563
1.0522 1.0978 0.4281 0.3844
1.0625 1.0812 0.4250 0.4000
1.0276 1.0491 0.4625 0.4250
1.0697 1.0815 0.4686 0.4125
1.0462 1.0900 0.4688 0.4125
1.0205 1.0700 0.4500 0.4250
1.0750 1.0644 0.4375 0.4437
1.0216 1.0524 0.4969 0.4500
1.0404 1.0654 0.4531 0.3969
0.9945 1.0728 0.5063 0.3938
1.0189 1.0972 0.4250 0.4250
1.0345 1.0683 0.4875 0.4344
1.0522 1.0924 0.4531 0.3906
0.9925 1.0671 0.4781 0.4125
1.0296 1.0540 0.4531 0.4469
1.0195 1.0490 0.4719 0.4406
0.9926 1.0660 0.5000 0.4250
1.0025 1.0646 0.5281 0.4250
1.0081 1.0710 0.4812 0.4062
1.0346 1.0942 0.4250 0.4406
1.0142 1.0635 0.4717 0.4594
1.0485 1.0815 0.4406 0.4062
1.0191 1.0617 0.4313 0.4313
0.9765 1.0749 0.5469 0.4469
1.0193 1.0936 0.4906 0.4344
1.0013 1.0558 0.4656 0.4344
0.9960 1.0804 0.5125 0.4406
0.9899 1.0744 0.5031 0.4156
1.0204 1.0690 0.4719 0.4469
0.9700 1.1189 0.5094 0.4250
0.9970 1.0673 0.4906 0.4469
1.0112 1.0717 0.4781 0.4500
1.0276 1.0550 0.4875 0.4625
0.9776 1.0464 0.4875 0.4625
0.9992 1.0546 0.5063 0.4469
0.9889 1.0620 0.4875 0.4719
1.0079 1.0508 0.5346 0.4469
0.9686 1.1068 0.5000 0.4250
0.9885 1.0576 0.5188 0.4656
1.0451 1.0529 0.4719 0.4500
1.0073 1.0479 0.4906 0.4688
1.0270 1.0542 0.4625 0.4344
0.9682 1.0415 0.5250 0.4563
0.9631 1.1278 0.5126 0.4187
0.9953 1.0545 0.5031 0.4500
1.0009 1.0756 0.5000 0.4781
1.0019 1.0540 0.4719 0.4281
1.0312 1.0628 0.4719 0.4688
0.9916 1.0413 0.4875 0.4688
0.9670 1.0653 0.5219 0.4437
0.9569 1.0916 0.5594 0.4563
0.9766 1.0669 0.4594 0.4281
0.9965 1.0894 0.4906 0.4500
0.9755 1.0564 0.5063 0.4469
0.9667 1.0744 0.5469 0.4375
1.0137 1.0672 0.4843 0.4187
0.9691 1.0649 0.5281 0.4469
0.9736 1.0642 0.5281 0.4469
1.0245 1.0565 0.5031 0.4469
1.0075 1.0480 0.4844 0.4500
1.0176 1.0414 0.4719 0.4594
0.9689 1.0694 0.5281 0.4469
0.9441 1.0675 0.5344 0.4500
0.9824 1.1007 0.5219 0.4625
0.9585 1.1230 0.5126 0.4281
1.0127 1.0541 0.4437 0.4469
0.9428 1.0673 0.5688 0.4531
0.9958 1.0611 0.4906 0.4344
0.9965 1.0430 0.5562 0.4906
1.0341 1.0553 0.4969 0.4469
0.9916 1.0614 0.4781 0.4531
0.9613 1.0497 0.5562 0.4437
0.9385 1.0845 0.5063 0.4531
0.9660 1.1096 0.4781 0.4437
0.9638 1.0494 0.4781 0.4688
0.9820 1.0561 0.5000 0.4625
0.9687 1.0565 0.5031 0.4344
0.9532 1.0715 0.5094 0.4625
0.9902 1.0568 0.4750 0.4250
0.9842 1.0469 0.5094 0.4375
0.9996 1.0337 0.4781 0.4688
0.9899 1.0535 0.4594 0.4125
0.9673 1.0622 0.5312 0.4375
0.9565 1.0515 0.5094 0.4469
0.9588 1.0349 0.5156 0.4406
0.8866 1.0437 0.5688 0.4281
0.9738 1.0733 0.5503 0.4563
0.9744 1.0254 0.5156 0.4469
0.9940 1.0457 0.5063 0.4500
0.9659 1.0673 0.5125 0.4656
0.9740 1.0290 0.4781 0.4531
0.9337 1.0727 0.5531 0.4437
1.0173 1.0719 0.4563 0.4375
0.9610 1.0389 0.5031 0.4375
0.9473 1.0262 0.5469 0.4625
0.9241 1.0901 0.5375 0.4594
1.0219 1.0386 0.4969 0.4719
0.9363 1.0654 0.5250 0.4344
0.9733 1.0310 0.5406 0.4500
0.9278 1.0436 0.5562 0.4781
0.8964 1.1160 0.5912 0.4344
0.9670 1.0577 0.5344 0.4719
0.9506 1.0642 0.5219 0.4250
1.0482 1.0508 0.4625 0.4375
0.9442 1.0445 0.5500 0.4719
1.0036 1.0268 0.5157 0.4969
0.9274 1.0552 0.5437 0.4531
0.9469 1.0613 0.4844 0.4219
0.9704 1.0358 0.5000 0.4750
0.8750 1.0467 0.5938 0.4625
0.9760 1.0712 0.5375 0.4625
0.9238 1.0475 0.5188 0.4781
0.9373 1.0591 0.5500 0.4375
0.9196 1.0324 0.5881 0.4812
0.9070 1.0397 0.5688 0.4906
0.8964 1.0579 0.5594 0.4500
0.9717 1.0679 0.5031 0.4531
0.9558 1.0552 0.4969 0.4812
0.9149 1.0722 0.5781 0.4500
0.9427 1.0218 0.5437 0.4812
0.9067 1.0323 0.5594 0.4812
0.9315 1.0787 0.5688 0.4594
0.9226 1.0695 0.5500 0.4594
0.9246 1.0298 0.5597 0.4656
0.9929 1.0843 0.4688 0.4781
0.9566 1.0413 0.5656 0.4719
0.8981 1.0423 0.5656 0.4750
0.9201 1.0639 0.5500 0.4750
0.9335 1.0724 0.5625 0.4781
0.9920 1.0850 0.4750 0.4500
0.8958 1.0553 0.5437 0.4469
0.9577 1.0460 0.5125 0.4688
0.8791 1.0479 0.6094 0.4563
0.9422 1.0253 0.5219 0.4844
0.8836 1.0666 0.5813 0.4750
0.9490 1.0295 0.5375 0.4719
0.9613 1.0988 0.5437 0.4250
0.9956 1.0513 0.5189 0.4531
0.9056 1.0402 0.5844 0.4750
0.9048 1.0440 0.5813 0.5031
0.9092 1.0720 0.5938 0.4531
0.8928 1.0503 0.6000 0.4844
0.8694 1.0696 0.5813 0.4594
0.9482 1.0640 0.5188 0.4625
0.8858 1.0799 0.5969 0.4156
0.9008 1.0748 0.5566 0.5031
0.9390 1.0458 0.5500 0.4781
0.9641 1.0674 0.5000 0.4344
0.9375 1.0325 0.5375 0.4344
0.9269 1.0524 0.5375 0.4344
0.8656 1.0401 0.6164 0.4719
0.8878 1.0774 0.5281 0.4750
0.8984 1.0416 0.5500 0.4250
0.9364 1.0454 0.5656 0.4563
0.9316 1.0313 0.5312 0.4906
0.8767 1.0531 0.6031 0.4625
0.9480 1.0406 0.5344 0.4906
0.8800 1.0478 0.6156 0.5000
0.8984 1.0708 0.5500 0.4812
0.9219 1.0736 0.5656 0.4531
0.8941 1.0152 0.5750 0.4812
0.8659 1.0224 0.5688 0.5000
0.8968 1.0589 0.5719 0.4625
0.8359 1.0848 0.6321 0.5063
0.8738 1.0555 0.5688 0.4938
0.8843 1.0841 0.6031 0.4688
0.9269 1.0957 0.5156 0.4625
0.8591 1.0717 0.6187 0.4750
0.8592 1.1464 0.5844 0.4375
0.8856 1.0728 0.5594 0.4563
0.8813 1.0306 0.5938 0.4531
0.9307 1.0387 0.5437 0.4594
0.9431 1.0472 0.5535 0.4688
0.8694 1.0524 0.5844 0.5000
0.9112 1.0440 0.5469 0.4594
0.8758 1.0557 0.6062 0.4812
0.8334 1.0591 0.6000 0.4875
0.8691 1.0586 0.5750 0.4781
0.8230 1.0678 0.6094 0.4625
0.8785 1.0673 0.6031 0.5031
0.8524 1.0749 0.6094 0.4812
0.8996 1.0542 0.5472 0.4500
0.9110 1.0741 0.5375 0.4375
0.8670 1.1185 0.6094 0.4844
0.9135 1.1011 0.5469 0.4781
0.8567 1.0550 0.6219 0.4625
0.8681 1.0554 0.6000 0.4656
0.8651 1.0513 0.6094 0.4844
0.8833 1.0931 0.5906 0.4656
0.8831 1.0483 0.5688 0.4875
0.8591 1.0022 0.5594 0.4875
0.8494 1.0606 0.6500 0.4812
0.8425 1.0636 0.5844 0.4531
0.8852 1.0881 0.5813 0.4437
0.8454 1.0693 0.6281 0.4563
0.8928 1.0385 0.5881 0.4594
0.8955 1.0264 0.5500 0.4938
0.8317 1.0921 0.6187 0.4781
0.8775 1.0754 0.5875 0.4781
0.7950 1.0576 0.6406 0.4844
0.9250 1.0388 0.5375 0.4594
0.8560 1.0131 0.5844 0.5156
0.8381 1.0412 0.6101 0.4531
0.8352 1.0893 0.5688 0.4969
0.8364 1.0957 0.6156 0.4437
0.8695 1.0724 0.6281 0.4875
0.8986 1.0940 0.5562 0.4594
0.8204 1.1148 0.6187 0.4781
0.8509 1.1096 0.6094 0.4437
0.8694 1.1389 0.5938 0.4719
0.8212 1.1155 0.6125 0.4469
0.8292 1.0767 0.5969 0.4625
0.8931 1.0538 0.6062 0.4906
0.8815 1.0356 0.5719 0.5031
0.9234 1.0251 0.5625 0.5156
0.8363 1.0444 0.5975 0.4750
0.8934 1.0671 0.5688 0.4844
0.8219 1.0245 0.6438 0.5125
0.7788 1.0662 0.6656 0.4875
0.7981 1.1567 0.6094 0.4969
0.8182 1.2074 0.6156 0.4563
0.9057 1.0734 0.5786 0.4375
0.8483 1.0657 0.5719 0.4750
0.8618 1.1567 0.6062 0.4344
0.8159 1.1119 0.5906 0.4594
0.8776 1.0997 0.5500 0.4406
0.9463 1.0975 0.5312 0.4563
0.8185 1.0476 0.6101 0.5063
0.8923 1.0218 0.5813 0.4844
0.8694 1.0527 0.6094 0.4875
0.8269 1.0287 0.5813 0.4656
0.7844 1.0511 0.6562 0.5125
0.8382 1.0361 0.5844 0.4656
0.7954 1.0976 0.6187 0.4906
0.8605 1.0617 0.6156 0.4688
0.8057 1.0727 0.6156 0.4563
0.8026 1.1181 0.6344 0.4594
0.7961 1.1152 0.6406 0.4719
0.8276 1.1379 0.6125 0.4781
0.8554 1.0905 0.6000 0.4750
0.8745 1.1598 0.5688 0.4625
0.8011 1.1152 0.6156 0.4563
0.8652 1.0569 0.5750 0.4688
0.8109 1.0414 0.6415 0.5094
0.8090 1.1106 0.6062 0.4719
0.8404 1.1143 0.5906 0.4812
0.7865 1.0812 0.6062 0.4656
0.8003 1.0802 0.6094 0.5219
0.7915 1.1460 0.6384 0.5000
0.8602 1.1613 0.5875 0.4563
0.8301 1.1147 0.6219 0.4781
0.8268 1.0632 0.6062 0.4750
0.7941 1.0583 0.5906 0.5125
0.8315 1.1369 0.6062 0.4688
0.8698 1.0481 0.6313 0.4938
0.7982 1.0377 0.6313 0.4781
0.7787 1.0547 0.6500 0.4844
0.7863 1.1164 0.6187 0.4906
0.8018 1.0803 0.6281 0.4938
0.7824 1.0850 0.6656 0.4750
0.8266 1.0432 0.5969 0.5094
0.7972 1.1271 0.6344 0.4719
0.8540 1.0604 0.5781 0.5125
0.8143 1.0870 0.6156 0.4906
0.8470 1.0986 0.6094 0.5031
0.7890 1.0379 0.6384 0.5031
0.8242 1.1289 0.6000 0.4844
0.7677 1.1500 0.6226 0.4563
0.8087 1.0915 0.6250 0.5000
0.8911 1.0809 0.5750 0.4875
0.8506 1.0625 0.6125 0.5000
0.8194 1.0900 0.6187 0.4750
0.8169 1.1465 0.6187 0.4938
0.8313 1.0517 0.6219 0.5063
0.7560 1.1740 0.6406 0.4500
0.7569 1.1305 0.6375 0.4750
0.7376 1.1360 0.6562 0.4906
0.7740 1.1033 0.6281 0.5156
0.7501 1.1221 0.6687 0.5094
0.8186 1.0535 0.6500 0.5000
0.8173 1.1184 0.6187 0.4563
0.7746 1.0701 0.6625 0.4844
0.7851 1.1145 0.6219 0.4688
0.7842 1.1552 0.6031 0.4719
0.7636 1.1570 0.6321 0.5094
0.7078 1.1301 0.6906 0.4812
0.7682 1.1100 0.6219 0.4500
0.7737 1.1218 0.6219 0.4688
0.7082 1.1737 0.6687 0.5031
0.8599 1.1664 0.5844 0.5063
0.7661 1.1504 0.6375 0.5094
0.7360 1.1556 0.6656 0.4812
0.8054 1.1241 0.6069 0.4906
0.8206 1.1213 0.6469 0.4719
0.7057 1.1683 0.6906 0.4875
0.7530 1.1372 0.6438 0.4812
0.7888 1.1249 0.6438 0.4750
0.7301 1.1261 0.6698 0.5188
0.7021 1.2070 0.7188 0.4656
0.7937 1.1263 0.6219 0.4531
0.7326 1.1455 0.6531 0.5000
0.7312 1.2593 0.6844 0.4625
0.8735 1.0951 0.5750 0.4844
0.8243 1.0499 0.6000 0.4938
0.7760 1.0587 0.6219 0.5094
0.7590 1.1540 0.6635 0.4719
0.7778 1.2140 0.6594 0.4844
0.7336 1.1612 0.6719 0.4625
0.7314 1.1833 0.6906 0.4969
0.7658 1.0981 0.6656 0.5000
0.7867 1.1276 0.6250 0.4969
0.7455 1.1771 0.6594 0.5031
0.7446 1.1697 0.6687 0.4688
0.7102 1.1230 0.6687 0.5125
0.7586 1.1435 0.6375 0.5125
0.6514 1.2585 0.6906 0.4938
0.7111 1.2678 0.6792 0.4688
0.7738 1.2674 0.6406 0.5031
0.7564 1.1030 0.6594 0.5031
0.7881 1.1408 0.6313 0.4844
0.8222 1.1233 0.6219 0.4969
0.6843 1.2146 0.6906 0.4688
0.7952 1.1603 0.6281 0.4719
0.7243 1.0974 0.6781 0.4437
0.6932 1.1525 0.6906 0.4688
0.7441 1.2466 0.6812 0.4875
0.7420 1.1695 0.6750 0.4656
0.6540 1.0997 0.7264 0.4969
0.7630 1.1919 0.6750 0.4656
0.8018 1.1167 0.6156 0.4719
0.6692 1.1447 0.6938 0.4938
0.6709 1.2377 0.7063 0.4781
0.6811 1.1970 0.6781 0.4688
0.6659 1.2950 0.7000 0.4719
0.7053 1.2052 0.6594 0.5063
0.8655 1.1668 0.6219 0.4531
0.7870 1.1816 0.6469 0.4656
0.7067 1.1057 0.6761 0.4781
0.7693 1.2660 0.6594 0.4281
0.7698 1.1327 0.6469 0.4625
0.7166 1.2393 0.7031 0.4719
0.6976 1.2578 0.6625 0.4625
0.8061 1.2773 0.6438 0.4625
0.7979 1.1199 0.6250 0.4750
0.7551 1.1864 0.6281 0.4969
0.6731 1.2039 0.7094 0.5000
0.7518 1.2567 0.6219 0.4875
0.7479 1.2640 0.6750 0.4938
0.7356 1.1790 0.6531 0.5156
0.7693 1.2042 0.6415 0.4594
0.7490 1.2062 0.6562 0.4500
0.7132 1.1562 0.6469 0.5219
0.7011 1.2625 0.6750 0.5000
0.6800 1.2264 0.6938 0.4531
0.7325 1.2014 0.6313 0.5031
0.7047 1.2222 0.6812 0.4969
0.7284 1.2237 0.6656 0.4812
0.7370 1.1830 0.6719 0.5125
0.6519 1.1123 0.7188 0.5156
0.6991 1.1938 0.7063 0.5063
0.7521 1.2632 0.6438 0.4875
0.7286 1.2191 0.6625 0.4656
0.6625 1.2788 0.6918 0.4531
0.7111 1.2737 0.6906 0.5125
0.7951 1.1623 0.6031 0.5125
0.6232 1.2023 0.7390 0.5188
0.6780 1.1680 0.7156 0.5469
0.7209 1.2042 0.6844 0.4969
0.6760 1.2561 0.6938 0.4688
0.7064 1.1723 0.6781 0.5188
0.6714 1.1901 0.7219 0.5031
0.7325 1.2466 0.6531 0.5000
0.6003 1.3401 0.7094 0.4719
0.6414 1.1773 0.7375 0.4938
0.6940 1.3075 0.7264 0.4750
0.6800 1.3663 0.7031 0.4906
0.6521 1.2801 0.6938 0.4938
0.6201 1.1939 0.6969 0.4844
0.7322 1.2530 0.6750 0.4938
0.7469 1.2570 0.6438 0.5000
0.6990 1.1983 0.6906 0.4875
0.7003 1.1117 0.6719 0.5125
0.6437 1.1982 0.6981 0.5094
0.5996 1.3912 0.7625 0.4750
0.6899 1.4017 0.6812 0.4906
0.7125 1.3268 0.6938 0.5000
0.6692 1.3112 0.6844 0.4625
0.7434 1.2608 0.6594 0.5031
0.7130 1.1444 0.6906 0.4938
0.6738 1.2231 0.6938 0.4656
0.6167 1.2886 0.7250 0.4969
0.6535 1.2221 0.7031 0.4969
0.5326 1.2643 0.7844 0.5000
0.7156 1.3460 0.6656 0.4594
0.6965 1.3672 0.7013 0.4875
0.6765 1.3041 0.6812 0.4844
0.7037 1.1736 0.7031 0.4812
0.7290 1.1593 0.6375 0.5219
0.7202 1.2693 0.6750 0.4812
0.6721 1.2190 0.6812 0.5156
0.6140 1.2699 0.7437 0.5031
0.6611 1.2522 0.7107 0.5031
0.6638 1.1958 0.6875 0.5219
0.6737 1.2016 0.7125 0.4969
0.6235 1.2660 0.7125 0.5063
0.6554 1.2674 0.7094 0.4938
0.6637 1.3489 0.7000 0.4719
0.5899 1.4335 0.7656 0.4719
0.7789 1.3290 0.6594 0.4625
0.6562 1.2193 0.7219 0.5031
0.6511 1.3781 0.7063 0.4719
0.6421 1.3480 0.6875 0.4938
0.6415 1.3466 0.7281 0.5000
0.6588 1.1647 0.6875 0.5125
0.6116 1.3052 0.7500 0.4938
0.7043 1.3490 0.6950 0.4750
0.6974 1.2685 0.7063 0.4875
0.6281 1.3152 0.7094 0.4969
0.6493 1.2710 0.7125 0.4969
0.5324 1.3597 0.7625 0.4969
0.6144 1.4312 0.7312 0.4719
0.6038 1.3472 0.7531 0.4844
0.6389 1.3538 0.7170 0.5000
0.6971 1.3056 0.6625 0.4781
0.6287 1.3894 0.7469 0.4844
0.6258 1.4407 0.7156 0.4313
0.5809 1.4132 0.7437 0.4750
0.5986 1.3525 0.7375 0.4656
0.7108 1.3522 0.6656 0.4812
0.6124 1.3300 0.7219 0.4812
0.6578 1.1583 0.7250 0.5250
0.6090 1.2934 0.7063 0.4656
0.6200 1.3374 0.7500 0.5000
0.5690 1.3906 0.7344 0.4812
0.6056 1.3004 0.7250 0.4875
0.6183 1.2379 0.7688 0.4688
0.6051 1.3332 0.7156 0.4812
0.6035 1.3621 0.7312 0.4625
0.6218 1.4128 0.6969 0.4844
0.5686 1.5615 0.7484 0.5000
0.5667 1.5436 0.7594 0.4625
0.6490 1.4066 0.6844 0.4812
0.5789 1.3377 0.7406 0.4688
0.6254 1.3732 0.7000 0.4750
0.6781 1.3671 0.7125 0.4875
0.6238 1.4064 0.7281 0.4469
0.6292 1.2950 0.7156 0.5063
0.6610 1.4273 0.6906 0.4906
0.6474 1.3503 0.6918 0.4938
0.6310 1.3396 0.7250 0.5063
0.5817 1.3428 0.7610 0.4563
0.6117 1.3690 0.7437 0.4719
0.5897 1.4076 0.7375 0.4563
0.6519 1.4536 0.6969 0.4812
0.5724 1.3660 0.7500 0.4844
0.6043 1.3483 0.7063 0.5063
0.6214 1.4909 0.7188 0.4969
0.6227 1.3437 0.7125 0.5125
0.6397 1.2940 0.7531 0.4969
0.6325 1.2972 0.7188 0.4875
0.5677 1.3149 0.7673 0.4812
0.5519 1.3516 0.7563 0.4938
0.5424 1.5470 0.7719 0.4563
0.6074 1.3303 0.7406 0.5094
0.6341 1.2808 0.7094 0.4812
0.5758 1.4030 0.7312 0.5250
0.5904 1.5288 0.7312 0.4688
0.6833 1.3296 0.7250 0.4906
0.6394 1.3534 0.7219 0.4844
0.5866 1.2793 0.7688 0.4781
0.6440 1.3303 0.7219 0.4875
0.5886 1.3443 0.7344 0.5031
0.6067 1.3854 0.7094 0.5063
0.5930 1.3394 0.7406 0.4688
0.6034 1.4162 0.7188 0.4969
0.6360 1.3652 0.7406 0.4969
0.6117 1.4680 0.7516 0.4719
0.5908 1.3780 0.7250 0.4656
0.5909 1.4315 0.7531 0.4563
0.6178 1.4496 0.7188 0.4844
0.6124 1.3699 0.7531 0.4875
0.5866 1.4033 0.7344 0.4500
0.6472 1.3092 0.7469 0.4969
0.5307 1.3427 0.7531 0.4812
0.5248 1.3799 0.7563 0.4875
0.5989 1.3602 0.7406 0.5000
0.6193 1.3372 0.7044 0.4625
0.5410 1.4826 0.7531 0.5000
0.5199 1.5512 0.7688 0.5063
0.5184 1.4075 0.7594 0.5031
0.6551 1.3493 0.6969 0.4938
0.5710 1.3276 0.7375 0.4875
0.5453 1.5001 0.7781 0.5188
0.5256 1.4273 0.7875 0.5094
0.5754 1.4060 0.7421 0.5094
0.6390 1.5147 0.7094 0.5063
0.5540 1.3746 0.7563 0.4812
0.5632 1.3974 0.7531 0.4719
0.4806 1.3365 0.8031 0.5156
0.5584 1.3801 0.7531 0.4688
0.6860 1.5457 0.6969 0.4844
0.5854 1.4116 0.7437 0.5156
0.5581 1.4514 0.7547 0.4656
0.6716 1.3929 0.7125 0.4969
0.5826 1.3618 0.7500 0.4969
0.5992 1.4603 0.7281 0.4906
0.5264 1.4283 0.7688 0.4750
0.5637 1.4561 0.7563 0.4719
0.6015 1.4232 0.7579 0.5312
0.5787 1.4220 0.7594 0.4969
0.5747 1.4887 0.7344 0.4781
0.5755 1.3552 0.7219 0.4719
0.5167 1.5149 0.7688 0.4688
0.5052 1.4605 0.7875 0.4406
0.6098 1.3351 0.7375 0.5594
0.5832 1.4080 0.7344 0.4375
0.6485 1.2839 0.6906 0.4875
0.5585 1.3460 0.7688 0.4875
0.5160 1.4122 0.7750 0.4781
0.5742 1.4281 0.7625 0.4563
0.5055 1.4737 0.7500 0.4875
0.5351 1.6707 0.7656 0.4875
0.5630 1.5033 0.7500 0.4625
0.5447 1.4217 0.7688 0.4594
0.6044 1.3088 0.7688 0.5000
0.5589 1.4665 0.7500 0.4625
0.5113 1.6090 0.7704 0.4656
0.5587 1.4707 0.7563 0.4656
0.5099 1.4833 0.8156 0.4781
0.6061 1.5659 0.7406 0.4781
0.5138 1.5388 0.7625 0.4500
0.5177 1.5433 0.7750 0.4469
0.5782 1.4925 0.7625 0.4437
0.5650 1.5442 0.7625 0.4656
0.5637 1.3843 0.7421 0.4812
0.5852 1.5360 0.7437 0.4375
0.5443 1.3721 0.7531 0.4812
0.5032 1.5444 0.7594 0.4906
0.5265 1.5189 0.7563 0.4875
0.4808 1.3887 0.7862 0.5031
0.5525 1.4659 0.7437 0.4812
0.5356 1.5250 0.7406 0.5063
0.5658 1.9280 0.7750 0.4750
0.6046 1.3673 0.7250 0.5312
0.6118 1.4148 0.7625 0.4969
0.5392 1.5718 0.7594 0.4812
0.4962 1.3239 0.7781 0.5000
0.5409 1.4699 0.7844 0.4969
0.5224 1.4903 0.7704 0.4812
0.4820 1.4373 0.7937 0.5000
0.5641 1.5767 0.7594 0.4906
0.5540 1.5018 0.7844 0.4875
0.5570 1.4807 0.7469 0.4594
0.5304 1.6093 0.7344 0.4656
0.5085 1.4908 0.7625 0.4406
0.5654 1.4386 0.7437 0.4750
0.4984 1.4341 0.7812 0.4844
0.4494 1.5416 0.8250 0.4781
0.5116 1.6073 0.7688 0.4594
0.6087 1.4451 0.7469 0.4781
0.4991 1.4231 0.8062 0.5125
0.5075 1.4983 0.8000 0.4469
0.5877 1.5790 0.7500 0.4781
0.5799 1.6209 0.7250 0.4594
0.5918 1.4417 0.7250 0.5031
0.5299 1.4431 0.7547 0.4938
0.5152 1.4190 0.8031 0.4594
0.5228 1.6250 0.7969 0.4688
0.5556 1.4294 0.7610 0.4875
0.5617 1.4036 0.7500 0.5000
0.4632 1.5403 0.8469 0.4719
0.5180 1.3881 0.7844 0.4938
0.4774 1.4137 0.7906 0.4844
0.5032 1.3981 0.7937 0.4938
0.5653 1.4424 0.7625 0.5281
0.6177 1.6697 0.7281 0.4625
0.5445 1.4085 0.7812 0.5188
0.5200 1.3344 0.7875 0.4781
0.4911 1.5228 0.8031 0.5000
0.5216 1.4902 0.7750 0.5031
0.5511 1.5979 0.7656 0.4875
0.5878 1.6446 0.7500 0.4469
0.5364 1.3169 0.7688 0.5219
0.5286 1.4717 0.7688 0.4531
0.4841 1.5782 0.7844 0.5094
0.5235 1.4559 0.7704 0.4563
0.4930 1.4942 0.7937 0.5188
0.5251 1.6540 0.8050 0.4625
0.5126 1.5829 0.7719 0.4437
0.4539 1.4808 0.8281 0.5031
0.5347 1.6982 0.7750 0.4531
0.5630 1.5260 0.7594 0.4781
0.4958 1.5735 0.8000 0.4781
0.5174 1.5758 0.7875 0.5031
0.5307 1.6906 0.7594 0.4656
0.5294 1.6633 0.7844 0.4750
0.4840 1.5198 0.7719 0.4844
0.5231 1.4357 0.7736 0.5063
0.5631 1.4185 0.7812 0.5125
0.4793 1.3770 0.8156 0.4875
0.4653 1.5036 0.8031 0.4563
0.5178 1.6835 0.7844 0.4875
0.4805 1.7267 0.8094 0.4469
0.5527 1.4240 0.7531 0.4781
0.5729 1.4331 0.7500 0.4844
0.4977 1.3329 0.7906 0.5344
0.4835 1.5093 0.8125 0.4781
0.5782 1.3915 0.7312 0.4688
0.5314 1.4911 0.7937 0.4688
0.4963 1.5253 0.8145 0.5125
0.5509 1.5136 0.7937 0.4656
0.4021 1.6001 0.8250 0.4531
0.4614 1.7300 0.8000 0.4750
0.4989 1.7390 0.8000 0.4406
0.5008 1.4799 0.7563 0.5094
0.4932 1.4687 0.7875 0.4875
0.4876 1.4681 0.7812 0.4750
0.5413 1.5533 0.7500 0.4344
0.4333 1.7555 0.8188 0.4750
0.4624 1.6243 0.8000 0.4844
0.5107 1.7196 0.7844 0.4375
0.4225 1.7572 0.8156 0.4906
0.5287 1.6747 0.8050 0.4812
0.5216 1.5658 0.7563 0.5094
0.4824 1.7242 0.8000 0.4250
0.4758 1.7553 0.7750 0.4812
0.5089 1.5019 0.8031 0.4594
0.5472 1.5513 0.7906 0.4938
0.5259 1.7824 0.7781 0.4781
0.4568 1.7384 0.8094 0.4750
0.5143 1.4567 0.7799 0.4656
0.4614 1.7812 0.8125 0.4750
0.4478 1.7135 0.8094 0.4719
0.5309 1.6836 0.7594 0.4781
0.4440 1.5913 0.7875 0.4844
0.4645 1.6053 0.7969 0.4844
0.4060 1.7293 0.8156 0.4656
0.5198 1.5960 0.7906 0.4750
0.4497 1.7194 0.8176 0.4875
0.4969 1.7988 0.7719 0.4906
0.4972 1.7234 0.7969 0.4781
0.4469 1.5228 0.8031 0.4938
0.4844 1.7265 0.7937 0.4688
0.4948 1.8102 0.7750 0.4844
0.4465 1.7869 0.8031 0.4781
0.4403 1.5971 0.7969 0.5094
0.4868 1.6162 0.7781 0.4812
0.4981 1.8885 0.7937 0.4688
0.5495 1.6835 0.7563 0.5094
0.5677 1.6977 0.7750 0.4688
0.4474 1.5444 0.7844 0.4812
0.5192 1.6551 0.7830 0.4812
0.3962 1.8052 0.8375 0.4906
0.4636 1.6193 0.8113 0.5125
0.4483 1.6276 0.7969 0.4906
0.4485 1.7818 0.8125 0.4563
0.4750 1.7133 0.8094 0.4625
0.5273 1.7684 0.7906 0.4938
0.4645 1.6712 0.8000 0.4719
0.4530 1.7862 0.7969 0.4969
0.4954 1.8073 0.7969 0.4563
0.4358 1.7781 0.7875 0.5094
0.4058 1.8020 0.8344 0.4781
0.4519 1.8686 0.8281 0.4812
0.5189 1.7300 0.8188 0.4625
